21000003
21020001
21020002
21020004
21020005
21020006
21020007
21020009
21020010
21020011
21020012
21020013
21020014
21020015
21020016
21020020
21020021
21020022
21020023
21020024
21020025
21020026
21020027
21020029
21020030
21020031
21020032
21020033
21020034
21030101
21030102
21030103
21030104
21030201
21030202
21030203
21030204
21030304
21030401
21030402
21030403
21030404
21030501
21030502
21030503
21040001
21040002
21040003
21070101
21070102
21070103
21070104
21070105
21070106
21070107
21070108
21070109
21070110
21070111
21070112
21070113
21070114
21070115
21070116
21070117
21070118
21070119
21070120
21070121
21070122
21070124
21070125
21070126
21070127
21070129
21070130
21070131
21070132
21070133
21070134
21070135
21070136
21070137
21070138
21070140
21070141
21070142
21070143
21070145
21070146
21070147
21070148
21070149
21070150
21070151
21070152
21070153
21070154
21070155
21070156
21070159
21070160
21070161
21070162
21070164
21070169
21070170
21070171
21070173
21070177
21070178
21070180
21070182
21070186
21070191
21070193
21070196
21070197
21070201
21070202
21070203
21070205
21070206
21070207
21070208
21070210
21070211
21070212
21070213
21070214